90
0,0.00,0.00,30,駅前青葉,Ekimae-Aoba,3,41,38,40
1,0.86,7.55,30,七北田入口,Nanakita-Iriguchi,2,2,3
2,0.62,6.72,30,泉中央駅,Izumi-Chuoh-Station,3,1,4,3
3,1.36,6.52,30,免許センター,Menkyo-Center,3,1,2,5
4,0.28,5.85,30,八乙女駅,Yaotome-Station,4,2,7,10,5
5,1.86,5.22,30,泉大橋,Izumi-Bridge.,3,3,4,6
6,4.48,3.20,30,山崎,Yamazaki,3,5,51,49
7,-2.86,5.47,30,桜ヶ丘,Sakuragaoka,2,4,8
8,-4.46,4.25,30,川平,Kawadaira,2,7,9
9,-6.02,0.60,30,折立一,Oritate1,4,18,8,20,19
10,-0.76,2.10,30,上杉山中,Kamisugiyama-Chu,3,4,11,12
11,-1.18,2.03,30,通町,Tohri-Cho,2,10,13
12,-0.68,1.60,30,農学部,Nohgakubu,4,52,10,13,15
13,-1.06,1.52,30,青葉署,Aobasho,3,12,11,14
14,-1.00,1.25,30,二日町,Futsukamachi,4,15,13,16,22
15,-0.62,1.33,30,勝山公園,Katsuyama-Park,3,12,14,21
16,-1.62,1.10,30,大学病院前,Daigaku-Hospital,3,14,17,23
17,-2.18,1.05,30,厚生病院前,Kohsei-Hospital,3,16,18,25
18,-3.12,0.95,30,八幡五,Hachiman5,3,17,9,26
19,-5.98,0.22,30,道路資料館,Dohro-Shiryokan,3,9,84,24
20,-6.04,-0.10,30,折立四,Oritate4,2,9,84
21,-0.48,0.62,30,レジャーセンター前,Leisure-Center,4,50,15,22,36
22,-0.84,0.55,30,勾当台公園,Koutoudai-Park,4,21,14,23,35
23,-1.48,0.43,30,市民会館,Shiminkaikan,3,22,16,24
24,-1.50,0.03,30,西公園,Nishi-Park,5,35,23,25,19,34
25,-2.10,0.22,30,二高仙商前,Nikoh-Sensho,4,17,26,31,24
26,-2.64,-0.03,30,川内亀岡,Kawauchi-Kameoka,2,25,18
27,-3.06,-0.38,30,青葉橋,Aoba-Bridge,3,30,29,28
28,-3.30,-0.68,30,工学部前,Kougaku-Bu,3,27,29,54
29,-3.84,-0.53,30,応用物理前,Ohyoubutsuri,2,27,28
30,-2.38,-0.15,30,教養部,Kyouyou-Bu,3,31,27,32
31,-2.12,-0.07,30,仙台商業,Sendai-Shogyo,3,25,30,33
32,-2.32,-0.43,30,青葉山公園,Aoba-Yama-Park,2,33,30
33,-2.10,-0.40,30,仙台市博物館,SendaiCity-Museum,3,34,31,32
34,-1.46,-0.22,30,仙台市天文台,SendaiCity-Tenmondai,4,37,24,33,43
35,-0.66,0.20,30,東二番丁広瀬,Higashi-2Bancho-Hirose,4,36,22,24,37
36,-0.30,0.22,30,愛宕上杉広瀬,Atago-Kamisugi-Hirose,4,41,21,35,38
37,-0.52,-0.10,30,東二番丁青葉,Higashi-2Bancho-Aoba,4,38,35,34,42
38,-0.20,-0.03,30,愛宕上杉青葉,Atago-Kamisugi-Aoba,4,0,36,37,39
39,-0.14,-0.15,30,愛宕上杉南町,Atago-Kamisugi-Minamimachi,4,40,38,42,47
40,-0.02,-0.12,30,駅前南町,Ekimae-Minamimachi,2,0,39
41,-0.06,0.22,30,駅前広瀬,Ekimae-Hirose,2,36,0
42,-0.44,-0.28,30,東二番丁南町,Higashi-2Bancho-Minamimachi,4,39,37,43,46
43,-1.18,-0.38,30,高等裁判所,Koutoh-Saibansyo,3,42,34,44
44,-0.78,-0.88,30,東北大正門,Tohoku-Uni.-Seimon,3,43,53,45
45,-0.08,-1.27,30,荒町,Aramachi,4,46,44,55,85
46,-0.06,-1.15,30,五橋駅,Itsutsubashi,3,47,42,45
47,0.02,-0.65,30,新寺,Shintera,3,39,46,48
48,3.88,-1.05,30,六丁の目,6Chonome,3,49,47,85
49,4.64,0.90,30,苦竹IC,Nigatake-IC,3,6,50,48
50,2.56,0.72,30,原の町駅前,Haranomachi-Sta.,3,49,51,21
51,2.20,1.35,30,宮城野図書館,Miyagino-Library,3,6,52,50
52,0.62,1.60,30,福沢市民センター,Fukuzawa-Citizen-Center,2,12,51
53,-1.08,-0.93,30,霊屋橋,Otamaya-Bridge,2,44,56
54,-2.18,-1.10,30,青葉城跡,Aoba-Jyoshi,2,28,70
55,-0.08,-1.40,30,愛宕大橋,Atago-Bridge,3,45,57,59
56,-0.84,-1.65,30,八木山入口,Yagiyama-Iriguchi,3,53,70,57
57,-0.12,-1.90,30,越路,Koeji,3,55,56,58
58,0.22,-2.18,30,根岸,Negishi,3,57,64,61
59,0.74,-2.60,30,河原町,Kawaramachi,3,55,61,60
60,1.94,-3.50,30,若林,Wakabayashi,3,85,59,62
61,0.62,-2.78,30,長町一,Nagamachi1,4,59,58,63,62
62,1.46,-4.17,30,鹿又,Kanomata,4,60,61,86,89
63,0.34,-3.45,30,長町三,Nagamachi3,3,61,64,87
64,-0.78,-3.60,30,鹿野二,Kano2,4,63,58,65,88
65,-1.00,-3.58,30,砂押町,Sunaoshi-Cho,3,66,78,64
66,-2.56,-2.25,30,八木山NTT前,Yagiyama-NTT,2,67,65
67,-2.46,-1.98,30,桜木町,Sakuragi-Cho,2,69,66
68,-2.86,-2.33,30,八木山小前,Yagiyama-Sho,3,69,72,73
69,-2.68,-1.93,30,松が丘入口,Matsugaoka-Iriguchi,3,71,68,67
70,-2.84,-1.73,30,八木山ベニーランド,Yagiyama-Benny-Land,3,56,54,71
71,-2.86,-1.75,30,八木山動物公園,Yagiyama-Zoo,3,70,72,69
72,-3.38,-2.12,30,八木山市民センター,Yagiyama-Citizen-Center,3,71,76,68
73,-2.66,-2.55,30,若葉町,Wakabamachi,2,68,75
74,-3.76,-2.83,30,八木山南,Yagiyama-Minami,2,76,77
75,-2.90,-2.80,30,八木山東,Yagiyama-Higashi,3,73,76,78
76,-3.56,-2.30,30,赤十字病院,Nisseki-Hospital,3,72,74,75
77,-3.32,-4.30,30,鈎取本町,Kagitori-Honcho,3,78,74,79
78,-1.96,-4.10,30,三神峯公園,Mikamine-Park,4,65,75,77,88
79,-3.98,-4.33,30,鈎取郵便局,Kagitori-Yubinkyoku,3,77,82,80
80,-3.66,-4.70,30,山田,Yamada,3,88,79,81
81,-4.06,-5.15,30,名取一号橋,Natori-1Go-Bridge,3,80,82,89
82,-6.32,-4.80,30,仙台南IC,Sendai-South-IC,3,79,83,81
83,-7.60,-4.40,30,生出,Oide,2,84,82
84,-7.64,-2.38,30,茂庭台,Moniwa-Dai,3,20,19,83
85,3.42,-1.80,30,蒲町,Kabanomachi,3,48,45,60
86,0.98,-5.65,30,名取大橋,Great-Natori-Bridge,2,62,87
87,0.65,-11.90,30,植松,Uematsu,2,86,63
88,-1.96,-4.35,30,西多賀,Nishitaga,3,64,78,80
89,1.66,-4.93,30,長町IC,Nagamachi-IC,2,62,81
